$ANSIBLE_VAULT;1.1;AES256
39616637313631303837646632383036656463666438666165313738383238396166633535616337
6633393433633435343263623432333532373433323931610a313038383934363832353430646666
61353338623563666530333061386233396261386536326437646461383862623638393166346333
6130303130323661340a326363656433316638643264646238643863346130383862633362306134
32343231316339313035346366623137666434333939323138646335343430663731303732343537
62333864303966303935363036383434663062646330353164393766373637633135353862363737
34633262666538633634663064333331306239346234346365303931343832316461343533313230
65353135376561623264353738396639353033643134666166356430383234356535353130373434
35346265333438363362396132313566306337323738383966376464313865353737313536646634
31623537653336383638363932636131393733313034353533323038336363383235363663306666
31356537656235616266306632626331373736663661326131666165666366303265613836303464
38316264633732373837656365663138356230306633613362386233646436333131333130343636
65383539333863626635626439323261353664633135363133376436656433633666643936313436
30626565653537336631346465653030393933333466663166633734396331366466336463626533
36646466316161386435353163366433336330386362663638336534376430366138643734626565
38626531306365356461383562323738343534636533613238633230663336386464343763643466
62306239383735303631656161643931653634323235393436666330663162316362343135623736
39623236373866633734303761326365356630366362336638306362313536613165613261386636
64386537666637366532366430383239343334306531383437383635326533613466396463353338
65313237343361616530626231326165653835633037343036613333613338633331356537336437
31316364373233356337326638643136386430363831613138666136626231346664326565383164
38643938396664623866343866306434616333666631343333633136323439366261336263366365
30363331336531366132623662376531366432653232646661656563363762613934623064366238
39333236626238356134383236613663663961653631383866633032653364653761633035303137
64393930653839363837363437313837653038303130616637616166333536396635
