$ANSIBLE_VAULT;1.1;AES256
38356236663862656637393964363433316339353636343931643463386136613863373235393537
3665313362623334373138653366363831346433623766370a636166386431656239623762383237
33663932626262616664333965626339633539326165336262306130326466336636313163343638
3937313461353336350a303837623434343634346533396236653966343536343065343762623135
66663637303030353962343638636634353838636332356437663461353233616131336138306533
62386532343537646436623063393432316263633339663537643261366331366465653136346365
63363538366532616437653031313530656565643165313466323434353261653932333937636534
30366234373934326137333438366630373262663831346532333737326630363864393739636364
39373438333238643731646634633332343161623135653039633561336563353635303962633333
33323538396230393435363363393734383332333366363731356365363765383764383933643239
39346439353063333061396661316636326434643665363032646233623665303566366636396464
36353834306635636562313138623636356133333165666134613462306536636432376334623666
66383337303234393035653131366236306436346263386430386135666534353339636237316332
38353066336533303339643032626261663565356366666431383062616337653761366135633031
61396434393935343038353232646330333536656433303538303165386132643839633330383361
31326431613261333930653165303762633535643137383462636638306135653561353631326639
32393762393564383537323264623432303166333065363264313731656633636333393761393334
66373762653764323934646166383239633633636562353064393733396666633166303965653430
32666166656332313361343062613538643463346530353431663863326134613532656438643364
39333030333335303639616237626164383564343530323233643435343335393234646639616331
64633037326566306363303165303139343830323738323264306261646635316166346439353366
32346438376363346162643963306136316137323733363438333832306138616138326238306532
65653033663262646663333432616136666362346362616531626433393330336665383536386466
66316439343231663462386437396335646134363162373831316333323364653036336534666439
33623238353331333065396239383434663334363034393163336665613663663331
