$ANSIBLE_VAULT;1.1;AES256
63383265323964353162313939376330323136326330316132326666646261303564336136373830
6662343364646638383031333137653864373865346238370a373332373634376334343862363465
37653131323232393130383832636639383762663139353732363837356334353934653764613161
3365353430386239310a333332623732643366306263353765633064393665363638393931633666
36303334393531326265353739353237613435623233656661333135623862386136393033326533
30343163663839393035383466313136663737613064366437376463626262313637336637393136
39313063393166386664383931646365666462353862643934613931663663633732363362646539
31356439323537363237366431393431376365393039323033333735613466653564653636346136
33383262626237346562656238333734336332616130346535313634333466333534396434613936
33353538376132373736333761333961356165306162356533396462336261353066616438663031
61376631333137626337353534393836306332373739366633623233613933653664383336613136
37656533346665346365356238633336633731336430643464346266613432366139303733653561
38623831626437376466623039303130663164346262656362333835373038636238386631636566
33316365363337623635316336623466663435666263336466306631343434643434643936666566
63343836366236353235353666646361373737393932323261333133363131336639383565623462
34653831393432646630346536343665353662656633353437386130666331656464353761366230
31666436623439376231343165343534326537356666306564626336613036643338313766376136
33653261386536343766303938353066333735333139386534653532386636393139356363366635
35336461653066303362663566636365623731336161653465363131393465356563363661373566
36313861363737623165383266626537303766333033383738313933306464353735643162333064
38323334373066363930636262333834373234666634383339393232326262396530326661363331
64663164616437636433646135373333656539316230653430313366623330656133353939353033
34626563323563386534646437663165326338386564613564653534336261376534333534363232
66643337373134323939666631303338366365353739633631663437313062626266626339616662
34356634373262643863393964616461343339653934323334643434666466656636333634313365
65636462306334643661333031393432346562653062646133383231316336633637373264663335
33383965643066313861616134393436643130613465363536653938633066643539396538336566
65363032313132313165316137396464616131323237303561393933303434326266353636663466
31623236353362613061373039333264633831373963613361306534343736616233346637643965
36366135656430666363326164373231336639633538656134316238363739376663313734643137
64343737373661663838623138343236336561366662333132323463363935393032626231356438
62613839333333343732636336316638376432383961656230323563313734386364393737613164
36313634336434343534313264353338323138306264643565626533373337306138636333363066
35613735663766303064306531643366643165616466303461616234663035336435336232333438
64386234643739356430373436396632373031666361316234373661373231626338303430636265
35666363636436376133626566623637386336303033336563633661316433306338316435346632
38313135653766373866326264663665386161333939633937346630333566636261343635303539
30306637666139663436656131353535306633316133633835306633396234383936383337306637
66363736356533363961346538343534326662336364613066316563363035333235663565653565
36656465383236653262393538393437613261373965363763396262353939326639623261326432
32656130656434383061353038363664653235326339363463623235383961363465
