$ANSIBLE_VAULT;1.1;AES256
33336335656661623062666264646561353766623435346465366236383363303762366636363963
6364636234653538313639623333366464653664323438330a353536336630663235633434333431
39333230626161303034333165396638633666326236366137353565323938333234383136633663
6335323136316662350a333866626561646136306439336638663163333838326136363463313362
38386632313330333437333931326235323136306138396538666436373736393434316132616136
61383165633933626631363630383030616235616135353930396662633637626230303832353439
32303233303838343530306335613733313038623665633530313838646138313065373531373737
65323239333665376166363763666263373532373233643034323562333931646362376561613632
62666137653937346538343965353335663261663962393739666638366465373363653766633065
30383965626363333835303966393364633665656364393335623564366333653433663934396435
39613531323636636635373061326461643333356163653738623330333838336666303064336264
30303933623664313439376531386436343836613865386464653932323866333839316164303837
66336332323635396333363730656630366131613864343531373964326466653031333832396539
63653532393838303736636437633566643436393038356538626662653632636131313137616463
61356261663331363035343239306437666362653433663461663033333563363132356332643238
62653636663038353166616166613433346339326530383530646438333265393831336237656562
66626163626532306333326635653166663365313061383230643661343133383562643833383365
62363233303364353135303233303034303235616334383163656236656534666362363966316434
64306431646463646663633931366161666136303134356234356562363233393238323039356532
63633533383435363536623831386164646336653238393932623936616463623535653966396430
63643630383832316535636337333939656166346432323638616463663033616334333237626639
64356332653834333461313266303261303762333763393461633038666437323666306635393661
66663934636636373265313164313762326532643130303030646636326634656330303937313563
37326661663061623239343430656135343532666561626437666564623138633264366435363833
66366334636461303539366439663630396337343934353362333237333163303161353633353834
35626564333264616637616664656139303337353136383664396165663566613265306331343436
64333738636230346233373037636636616233373533303964356530386631616364366138383935
66303830633136356363323832343035396363323937353032393965333666363636366339646661
36633432623462636363363765646436346361363234343565663831383037626563
