$ANSIBLE_VAULT;1.1;AES256
31633134343638646432613035333730333730333634363632396132643261613333653532313162
3264373266396234313434656438383634303439313436370a373534653330373466366434346233
34313435623264646661623735333337616435316133643734616363636232636433366361643235
3461393031363637370a316230643833613734613933363935393537396662386264613661666539
65373537666337626562653663396231363331316237383533346563393461633862353066386537
66316435323430373439306330656265633561666463313261353233323537353263383861393435
62656234643335356164346335316539316233616439636333313065313538316636653663613238
66306161353565393165623464633138363030653764303864626635663262656231316237363533
62616665363062363637393132333931613934373730653835616432363031333334376536643265
35623264646334336138393166653638616464383231386130656536636636316233316236333263
64383263616634373934656634326231383935383263613032313538353536336433636333633662
66323266353939333466613765326361396633663635613235323732393066303933323063653862
37653230386261363638613936396239386639663937363962656332356262353039613733343261
39363136633632336639613238663333333430336661643636313036626262396532643334626537
39386536393336313864333663653331373866343366656531333565623731303462336363663864
34383263386139363933623131353434666436373863613136633565653338383163323362636630
65633432663664383861313636326365303665653535346433623037383334363830613736336435
38346664316233313731333933333138373463376339393832313034373062643238616630353266
38376663363865393564313535636631343239373431616432343738306333353062396565666530
31336362336533643161636336323736616136393236366132383336633734653934343862613063
61323561653664326236356430636538363234623030386262353761656432313536306638646336
39313536366434356365383063373365383438333139373465383532346236666162313937366461
31393862343633653932336336376639333538386337393438323261333131393837633930343434
39393864326364646562353931666263653636643239306663323132316638646566383062303237
38303437323361303361616363323165333330643230643830333738326634333365653264636366
38613333616333396166303232396631626461336163633333353430656339343136666266393538
34333836626537393864633438613230616666643964306164326635303964633761396462376361
32633436383264666364316661626336396633346364366239326235626631633339383232393662
61376432343930373636663364303735643366353161356464383661383965396135393135343665
32633531306362643661343135343636393339326633613965646133656164623837336233333061
663066616332626539623765356133386331
